4092 3928 5701 
4784 2389 8212 
3997 5681 7814 
4659 7471 7625 
4114 8225 5643 
5744 8424 8096 
4671 7185 7133 
5166 1915 7365 
5140 6521 3166 
4562 1691 4551 
4664 3219 405 
5716 5701 118 
6206 7989 3463 
3866 3499 3373 
4534 7456 5721 
4867 4884 1683 
4809 1117 2521 
3881 3989 6521 
6184 1441 8434 
4163 1628 4723 
5608 5793 3361 
5711 5325 7204 
5034 1419 4227 
4475 4391 5187 
5556 8059 6507 
4510 640 3360 
4315 2064 4040 
8779 8544 8513 
4692 8769 5340 
4892 4513 8026 
6028 7536 4326 
4718 6248 3947 
5792 2733 4492 
5171 3479 2686 
4111 1780 416 
7119 1318 6874 
5771 6091 3428 
4575 4098 8282 
4934 7347 4516 
4217 4465 7279 
5806 3355 1436 
4711 2050 7032 
4961 716 6878 
4078 2113 7042 
2912 8091 8074 
5054 400 7805 
6205 7851 2665 
5165 2216 7504 
2074 6257 6169 
4268 912 1644 
5946 2007 5576 
3880 3879 5910 
4488 4112 5615 
3989 2213 943 
4915 4921 6023 
4033 7025 1355 
6086 7171 3809 
5437 5297 4529 
5707 5649 3773 
4556 5497 7382 
5996 6951 6943 
5574 2707 7411 
6257 4819 5357 
5306 7793 1412 
4656 2057 2030 
5518 6803 4684 
4630 1127 2866 
4584 5163 1521 
6006 1380 6119 
3994 4389 8549 
5305 1308 7787 
5470 4938 5801 
4938 1135 4789 
4652 3036 4883 
6009 793 386 
6108 5537 4479 
4504 3445 6472 
4721 7812 2932 
4806 2993 2731 
3998 5943 904 
3996 8129 5839 
5578 8036 7519 
5904 1647 7854 
4589 4880 161 
4034 3507 6293 
6258 7447 6569 
3487 3125 4714 
8828 6875 7601 
4922 302 3267 
4878 4226 4904 
4040 5362 4395 
3425 6695 4633 
5390 7488 1406 
4707 4332 2100 
6100 3893 5699 
4133 4108 4671 
5773 1004 917 
4595 8140 2479 
4302 4154 8450 
6214 7496 6611 
4118 6642 23 
4289 8316 6150 
7767 1890 6134 
5669 7986 1511 
7778 1899 358 
4203 4562 5210 
6839 3186 1463 
4127 4132 4042 
5175 6082 6601 
5397 1516 3259 
5104 7268 5542 
5667 5730 3531 
4889 3501 7371 
5978 7415 5976 
4211 7727 5989 
4951 4930 4974 
5401 5802 245 
5697 7221 5251 
4230 4860 7214 
4374 4395 765 
6143 8459 4731 
5710 7037 3479 
4696 2550 562 
5120 5197 8409 
6558 5881 7400 
4836 3511 4889 
4351 8386 4196 
3074 4824 6045 
5024 1043 3871 
4644 2229 3492 
5156 4717 1429 
4408 3227 415 
4517 1675 5840 
4189 4165 4045 
5108 5097 5648 
5207 7024 4551 
5209 1676 6256 
4799 4778 7804 
4150 430 3399 
6193 7884 5040 
4559 3032 1628 
4804 2321 1203 
5652 4865 4017 
4253 2138 2035 
6146 4455 8977 
5503 4429 2243 
4054 3914 7100 
4122 8944 6290 
3670 6495 8977 
3943 735 6609 
4965 4941 4754 
6083 5733 1915 
3973 5419 1160 
5062 8082 7625 
7639 1860 4126 
4716 7162 1733 
4105 5473 2538 
3931 5084 6284 
6200 1041 1471 
4924 1864 4905 
5226 4487 8537 
5119 600 7937 
8443 885 1545 
6255 6059 1041 
5553 7220 2943 
6097 5553 2116 
5070 4712 5079 
4322 4311 7328 
4843 3024 4865 
4340 5162 458 
4920 8508 5663 
5149 4448 1724 
3952 7978 2096 
5709 8627 2319 
5676 860 4454 
6008 7240 2702 
4379 4383 8853 
4259 8576 6761 
4453 4050 1645 
4555 3996 1150 
4772 4761 4753 
4102 245 119 
6113 6665 2171 
5436 5776 8973 
4161 2747 1741 
7771 3428 6863 
4329 3269 1485 
5828 8081 4990 
5655 8468 1481 
5722 4223 3998 
4770 7004 619 
4791 1502 7668 
5356 7612 2318 
4962 2998 3929 
5619 2271 7728 
4337 5016 6199 
4688 2745 4683 
4827 4212 4448 
5613 3537 3403 
7487 1503 4596 
4567 4391 4465 
4172 8358 3160 
4744 3940 4133 
6203 5534 5178 
4535 1679 7447 
5761 4381 8414 
1498 7478 4044 
4968 8298 2846 
4810 4905 4444 
5603 265 3281 
4428 5873 8134 
4433 1108 4033 
5042 6171 8523 
5604 4509 6736 
6192 4849 3608 
4976 7540 7164 
4669 8529 2494 
4937 2039 7702 
5554 6877 6039 
4021 3145 5555 
5012 5043 2172 
4898 4208 7220 
4185 4987 1073 
4901 6255 1754 
5316 5688 8468 
4056 6419 1750 
4583 7912 7160 
5986 8138 186 
5168 7398 5095 
6035 5040 3191 
4430 7540 7220 
5492 3407 5337 
4682 287 6280 
5317 6495 5441 
4969 4935 4885 
7631 8370 7583 
4658 6424 4600 
4959 4972 5386 
4950 4998 3949 
8133 1059 4124 
467 7653 764 
3608 4546 5104 
4099 6923 3041 
5052 3795 6992 
4844 3117 1762 
5297 5437 1212 
4197 724 5105 
4314 189 5332 
7069 377 4766 
4579 7748 4351 
4749 476 1074 
7095 3741 3041 
970 6976 8218 
4641 4032 5426 
3150 1995 5155 
4871 5509 7167 
4715 1441 8434 
4516 5247 6623 
5490 2770 3053 
6077 5102 6677 
5649 595 2609 
5523 4678 4709 
5143 5617 4654 
4660 8098 1679 
5800 717 1437 
6087 483 7943 
4420 3618 4167 
5505 2757 7028 
4853 4224 7765 
4769 8234 4780 
4053 1705 7649 
4258 3697 7669 
6260 8256 6519 
5751 3732 3372 
5570 7284 3051 
3616 6657 6020 
5001 4252 7945 
6096 1982 6756 
6187 4909 5681 
4342 8467 1059 
5348 4035 518 
4009 3894 7248 
4106 7745 3885 
1321 1256 6534 
4551 7824 2559 
4171 8439 1714 
4714 4314 1697 
5026 2753 8195 
4088 8818 7852 
5798 2264 7519 
3964 5388 2389 
4164 7199 6584 
5068 677 7972 
5151 928 2517 
6170 422 846 
5823 8099 2200 
5957 8122 3463 
4662 4439 4016 
4690 6265 8977 
2069 4750 1460 
4273 5438 7280 
6146 4242 3053 
4176 4887 795 
5036 4094 4358 
8770 5637 1225 
4818 1855 4377 
5743 5482 8468 
3109 5022 1136 
6054 4655 6184 
6131 239 3496 
5509 2983 4871 
6157 5760 5073 
4241 5561 7275 
4321 7486 4844 
5216 5080 5076 
5155 7630 5614 
4783 4625 3115 
6767 1897 6881 
365 6053 4993 
677 1180 5106 
5141 4295 8279 
6763 8254 2021 
6442 846 5662 
5231 4757 3949 
4094 3929 601 
5067 8184 5839 
5474 92 32 
4634 7559 6379 
4758 2776 6957 
4199 2431 8707 
4549 2712 256 
5622 5143 8489 
7147 6613 7150 
4840 8757 5293 
6023 7806 2104 
4400 759 6054 
3930 3928 3534 
149 7825 2658 
3948 2772 4401 
782 5956 7182 
5769 4203 2246 
4141 6614 3963 
4095 4897 4417 
5396 3480 2691 
5699 4253 2887 
4839 702 848 
5017 827 4565 
6189 2041 2465 
5725 84 522 
4546 4530 2832 
426 2640 3581 
5601 2422 8999 
4945 8410 5215 
5061 5482 4971 
5659 6023 7250 
4180 4731 4165 
4326 518 8371 
5080 6675 5072 
4996 5434 4889 
6076 4184 5079 
4157 8397 5838 
4484 5658 5671 
5126 5783 5613 
5794 7786 5787 
6272 4558 242 
4551 4330 5182 
5737 1348 3210 
4448 1724 3911 
4998 5009 5711 
5197 8123 2159 
6181 6139 8421 
5301 3771 4427 
3924 958 4361 
4124 8439 903 
6203 4533 7128 
4866 4792 5010 
4143 6819 1383 
4814 1402 6327 
5345 5335 7811 
5049 7872 2149 
5705 2125 6613 
3956 2322 8644 
5201 6668 1352 
5424 4617 6122 
4447 7512 4523 
5681 3997 6187 
5459 2365 8868 
5552 2315 2718 
8578 6700 369 
5783 3120 278 
1564 2453 7820 
4043 3429 1079 
4823 4886 7877 
4999 5006 4974 
5030 4053 2816 
4609 7157 1824 
5035 3319 8567 
5900 5108 7257 
5643 262 1526 
4954 6378 4793 
4681 3835 4148 
4515 6749 244 
5894 4789 2005 
4786 2252 8037 
6026 7558 791 
4065 1429 7558 
5602 5377 6638 
2104 4558 7806 
4237 8289 6026 
4311 5631 1485 
4885 4969 4935 
4943 4963 4896 
5309 5697 4563 
6223 341 2660 
4491 4523 2733 
4730 4174 1739 
3754 4206 2783 
5129 7487 7158 
5179 5436 8392 
4115 3865 1381 
4974 4999 4951 
4130 7142 5850 
4517 3109 8797 
4530 1513 7599 
4845 5242 1863 
4537 2817 7986 
5160 4164 5778 
4987 4185 6188 
5801 7364 2449 
5258 2706 5558 
5002 4850 7384 
4699 4408 6879 
4261 8439 1714 
4449 2928 4486 
4857 7931 3781 
6213 2953 6278 
6112 5682 526 
5631 5743 1557 
5689 4987 4185 
6104 4709 1716 
4378 7582 7206 
8027 215 2803 
4276 1522 2783 
5484 7487 1889 
5687 8389 6065 
5614 1747 6818 
4128 3663 8815 
4637 3343 4537 
5191 3089 2605 
4397 4038 7696 
4904 4878 4786 
4678 4709 5523 
5612 4957 4537 
4750 4526 6372 
4986 7637 4977 
4495 8846 1566 
5716 8803 2331 
5308 873 4892 
4560 6891 1041 
5081 7707 4043 
2953 1690 163 
5298 6413 1192 
5680 2751 5248 
5640 1899 1646 
4244 4987 1478 
5564 5386 4839 
5489 1702 6092 
5829 3821 2200 
4713 7452 6516 
5959 6019 6155 
5121 5113 5223 
3614 4311 709 
5225 3283 7456 
7732 5902 5182 
5561 3763 5245 
5388 3964 7192 
4214 7341 8820 
6051 3066 4889 
4076 6501 3902 
5663 149 4278 
5416 2905 2076 
3946 4056 3605 
4108 3032 7970 
4841 1869 4942 
4456 2984 1149 
6060 6065 6490 
3818 1417 702 
5811 5300 6612 
5820 2743 1001 
4689 6023 1620 
5688 5316 1557 
3893 5082 1190 
5313 2744 6135 
3296 8409 3756 
5078 1965 2130 
5150 8465 4431 
5058 1642 2761 
5889 5037 8435 
4333 4719 5639 
3982 3979 4912 
5717 8533 1705 
4488 6495 400 
4134 5694 5325 
6202 7359 1876 
4471 5268 921 
4227 7429 1657 
4803 6647 8834 
6119 6118 1014 
4179 4174 4730 
5220 7529 8861 
4950 3984 2357 
4835 3888 1074 
5749 1930 1538 
5169 1631 7877 
5044 5028 5237 
6195 7109 7771 
6089 8096 4323 
6129 6490 3176 
2283 4294 5157 
4277 353 6059 
6176 2187 6876 
5679 5671 4484 
5402 5415 5392 
5325 7096 4400 
5212 6077 5102 
5611 1042 6876 
6187 1459 5271 
3858 7847 6946 
6419 4123 4115 
5183 4467 7557 
4502 4226 4786 
4538 7150 7147 
5056 271 3894 
336 4475 6160 
5672 3003 2957 
5311 5235 2305 
4703 1131 2347 
4855 8475 5124 
4208 1489 3978 
142 178 1289 
5684 1002 1227 
5041 4406 2851 
3511 3490 5607 
5796 2097 7678 
5627 4555 5103 
4335 3466 7666 
4375 865 2466 
5742 4310 5434 
5791 4624 7495 
5410 5790 7852 
5307 6507 5298 
5541 7603 5911 
5254 7499 3685 
2911 5809 7416 
5380 3838 5548 
5581 8675 391 
4531 4379 1742 
2001 7446 6203 
5950 3267 7343 
5901 4731 4165 
4309 5136 4081 
4431 3952 7669 
4401 2620 5059 
4231 6712 330 
6237 877 6242 
5117 4044 5086 
4251 4230 4579 
5939 7685 8984 
5930 4333 2442 
6853 1351 2820 
4680 4384 5853 
487 6455 7604 
4417 833 4897 
5103 7360 1654 
5391 6334 5553 
5184 1671 302 
4953 2769 2038 
5084 6937 2305 
4043 8512 8460 
5267 3389 2902 
6215 3110 698 
4925 6712 3765 
6180 5300 6734 
5264 1287 6867 
6268 8272 1388 
4155 611 702 
1468 4509 6367 
5819 1477 7538 
5010 2422 1732 
5702 1677 6129 
5593 4329 7706 
4794 4793 7315 
4543 2980 6840 
3962 4703 5772 
4736 5367 4525 
5980 5975 7324 
7529 5455 232 
5157 5162 458 
5731 1313 6877 
6207 4774 7799 
4290 3373 3234 
5764 1227 5716 
5559 5080 3421 
5124 2196 3060 
4820 5426 7191 
4642 4648 5125 
4460 1513 2949 
5240 4114 8225 
5595 463 817 
5726 8481 7377 
6127 4770 511 
5028 5044 2206 
4845 7085 1723 
5394 2262 3015 
2100 8426 4332 
4874 1982 7342 
5987 7787 1939 
3158 4379 1334 
4175 1254 1634 
4186 5895 4108 
5021 12 4848 
2783 8819 6276 
4967 4924 4848 
5008 1482 8255 
4802 6761 6199 
4492 3745 1412 
4445 8357 7663 
5625 1372 6978 
5890 4491 2734 
5306 3782 7792 
3565 4682 3705 
4055 2934 1679 
4647 7199 4164 
5721 8999 6819 
3831 3046 3859 
6074 3051 4699 
4776 3118 7608 
6236 2960 8188 
5177 8431 4537 
4521 5609 6366 
4936 3983 7165 
5888 3311 1160 
3942 8598 2304 
6680 8477 8918 
5224 7799 1457 
5562 4623 688 
5387 6023 1529 
6277 7482 8330 
5261 8464 7562 
5206 7666 3500 
4395 1264 2934 
5724 472 8187 
5004 5615 1027 
4796 8173 1194 
5153 5335 4364 
5394 7255 2262 
4859 6861 1990 
3859 3315 5249 
4107 7768 243 
5577 5381 3692 
5088 7360 6914 
4788 1848 7989 
4601 2367 8851 
400 4421 5154 
4884 7064 1215 
4177 8362 7584 
1994 7914 6749 
5097 2066 3164 
4518 5774 2058 
5342 7442 1611 
5327 4376 4555 
5874 4116 6559 
4751 4763 1868 
3890 6532 4222 
3875 3979 439 
4224 282 3503 
368 430 3023 
4585 4383 5834 
4151 7980 5496 
5674 6120 4265 
1229 5701 6901 
4677 4689 5909 
6166 5931 7673 
5605 1010 4459 
5266 8376 1293 
3887 3089 3583 
4798 1064 4923 
5606 3799 6516 
6244 630 7161 
3926 3928 7663 
6235 5682 1400 
5833 5530 7630 
5749 1825 16 
4088 26 6468 
3860 3826 5095 
4764 2565 476 
3879 3137 5080 
5629 1510 1434 
3176 3732 6102 
5781 5253 1356 
4689 4677 5217 
4066 1690 1665 
4931 6384 1121 
5550 1726 7625 
4694 3524 8751 
5537 6108 2577 
8183 8988 6532 
4727 6275 5837 
6046 2112 7882 
5838 2474 6293 
3987 2725 342 
5610 4475 5081 
5354 4579 6553 
4526 6706 5622 
4201 4054 1507 
5463 6467 1170 
5746 944 7284 
4421 2794 373 
4507 1450 4427 
6125 1644 8351 
8030 3118 4367 
4188 5086 171 
1039 1890 7767 
5805 6482 3131 
4614 5103 4851 
4215 6865 5066 
4205 1148 6071 
4250 3797 7165 
6149 7703 4818 
6000 7393 5745 
5452 6337 404 
1762 6669 5527 
5756 5928 4018 
5495 1778 5990 
5940 8430 2116 
4190 403 4559 
5318 1668 2160 
4427 3139 2919 
4262 2491 271 
4745 6243 2048 
4062 3938 1266 
3080 6018 479 
3901 4189 1673 
6173 6171 2567 
4478 4634 985 
3277 3732 7047 
5597 5354 5593 
3885 6410 690 
4673 2385 999 
6134 2056 7767 
4896 4879 4943 
6253 5669 417 
5086 4733 5102 
4895 369 256 
5112 2721 5438 
840 2213 4623 
5740 3202 671 
5144 5139 3690 
4544 3315 5249 
4622 7326 2738 
5579 5395 1569 
6211 7812 5096 
5813 6811 134 
4158 3797 1460 
6271 6283 8838 
6027 2247 7175 
5098 5466 4875 
6004 5638 7974 
5229 1293 1230 
5023 5146 2382 
1183 4765 5497 
4619 6809 2896 
1726 5147 7625 
4245 8006 1723 
4851 4477 7991 
5598 7433 2122 
4862 4869 1311 
4017 2185 7446 
5039 7908 1961 
5060 4354 7185 
4912 4903 3982 
6326 4705 7733 
5430 7093 2111 
4100 8112 8191 
4403 3859 4614 
5882 6674 1447 
4748 4545 1413 
4663 4070 8889 
4405 7829 8382 
4758 4488 1904 
4125 6607 532 
5568 7258 4835 
5507 3194 7769 
4536 4081 1574 
5131 3573 6687 
7721 4102 1600 
4914 3629 2561 
1756 5965 5748 
4528 8008 210 
5322 8606 6052 
4476 1443 7465 
5013 4992 4943 
6001 3297 49 
3833 8171 6632 
5516 3367 2709 
4173 6319 754 
3858 586 3035 
4137 7199 5559 
5116 8457 1754 
4732 2455 326 
4222 6654 3589 
5607 1707 7431 
4573 4580 3646 
4600 7742 1770 
5633 5541 6993 
5363 3732 3281 
1912 1331 6343 
4821 2726 34 
5064 5466 1240 
6265 5772 2728 
4992 4943 4963 
4324 4044 8242 
6227 984 2818 
4639 2547 4811 
5591 2398 3799 
5040 3863 3916 
6252 3767 7382 
6010 7518 7901 
6266 103 426 
5767 627 3171 
5927 33 2506 
5341 6541 748 
4101 119 3718 
4908 4909 8114 
4399 2069 5614 
4623 2066 6508 
4480 5396 4151 
4225 5580 3932 
345 1329 6659 
4147 5211 7487 
4119 2597 480 
4194 8036 1205 
5235 5311 2378 
5334 2271 6532 
4060 4310 7487 
5350 2811 5882 
6222 8215 8216 
6208 4695 1529 
5411 8602 4429 
5733 8538 6083 
4676 4616 1175 
4618 7161 4641 
4585 7202 4268 
4525 5175 8599 
4986 3197 2789 
5051 2239 6858 
5775 1675 6601 
3863 5040 4618 
6234 3218 4619 
5438 8459 3533 
3966 3965 8472 
4829 3501 4314 
5333 7798 843 
4234 4042 8529 
4495 6064 1001 
5571 2625 2869 
4765 3104 2737 
4800 5785 5779 
6018 3267 2116 
3118 2063 624 
5331 5262 6812 
2234 3461 3600 
3831 5142 4502 
5525 5827 1170 
5928 7865 5756 
4740 2171 7942 
5832 8696 8643 
8448 3590 4775 
3166 3140 3502 
5324 1609 5488 
5488 2452 3745 
5803 8843 3219 
4496 8133 5000 
5471 1499 3420 
6251 6068 1010 
4086 3760 1548 
6034 4326 1058 
4812 2361 8843 
4801 23 615 
5952 6149 4514 
5822 2011 7345 
6151 7992 8413 
4270 2397 2721 
4687 5961 6281 
5377 8159 5387 
4787 7662 1428 
5878 5192 473 
6188 303 4987 
5943 1028 1639 
6224 172 1251 
7233 1953 8047 
4255 3568 2690 
5173 8464 7521 
5012 5342 4750 
5015 3197 1699 
6043 2875 3444 
6233 1518 1286 
6269 3192 2197 
6217 812 5437 
4455 5311 4506 
6052 8495 1493 
5079 3513 6642 
4511 5100 5099 
6163 4175 5377 
1112 3947 6296 
4984 6020 1411 
5661 3594 3413 
5873 6642 5268 
4247 8508 1522 
3960 4928 2338 
4132 6687 4127 
5692 5948 1077 
5027 8700 6950 
3983 3883 8508 
5462 5713 2842 
4939 7170 2191 
3957 6452 5319 
4063 7126 6630 
5802 157 7164 
5752 5921 1777 
4096 3307 6237 
4410 4934 5378 
4212 7945 4827 
4933 5888 1075 
5778 6712 4164 
4254 3978 1742 
3865 2549 4115 
4550 8599 7008 
5118 5111 5653 
4081 4087 1154 
4010 7177 4575 
6231 3926 3284 
6220 1040 6007 
5635 7233 2138 
4856 447 913 
4629 5840 8182 
4819 1116 4625 
4057 5159 584 
5154 161 400 
4708 8572 8218 
4287 6754 8609 
5810 3994 2372 
4458 3264 8010 
5135 783 4298 
5994 4457 7045 
6218 7728 5605 
5747 6863 1310 
3855 7825 102 
5217 4689 4677 
5834 5510 4127 
4427 6843 8507 
5753 5758 1568 
4932 8901 8898 
5730 90 5667 
4098 1733 4680 
5580 8174 70 
4075 4064 41 
4195 1770 7742 
5647 8625 2342 
6838 1292 4095 
3949 7168 5032 
3869 3997 3962 
4109 2955 7533 
1122 1433 2112 
5421 7831 4508 
4710 2203 4640 
4755 5827 4265 
6099 782 2925 
5161 5648 6249 
4508 737 2690 
5408 7914 1994 
4695 1427 6208 
4725 82 4603 
6094 3127 6760 
4893 1705 7720 
5056 4629 2186 
5187 8514 1513 
5037 5889 2016 
4763 4379 2976 
4256 1485 1684 
5496 3119 1632 
4265 6799 1362 
5076 3721 1459 
5569 8378 3590 
5636 4699 2931 
5506 6328 8444 
6177 4519 1788 
4238 901 6820 
3892 3313 2765 
4709 6104 4678 
