-0.362586	0.017603	30
-0.351354	0.0816353	31
-0.32205	0.0937039	32
-0.333846	0.0767208	31
-0.326455	0.105775	38
-0.324231	0.0628675	31
-0.388384	0.0180809	127
-0.335237	0.0879567	38
-0.342894	0.0484536	33
-0.393197	-0.0148288	127
-0.3841	0.0326821	127
-0.300902	0.0872232	32
-0.362224	0.019717	30
-0.343277	0.0728455	31
-0.339551	-0.00143446	30
-0.413532	0.0355309	127
-0.341518	0.0935005	31
-0.412593	0.0540023	127
-0.357983	0.0354627	33
-0.316533	-0.00459641	39
-0.357426	0.0382785	31
-0.390119	0.0162896	34
-0.343975	0.0572725	31
-0.390541	-0.0195816	35
-0.414489	0.000615473	127
-0.361261	0.0467132	127
-0.322313	0.0628653	33
-0.33984	0.00102885	30
-0.334445	0.090211	31
-0.398587	-0.0033605	34
-0.315702	0.113662	38
-0.385721	-0.0217748	34
-0.445572	-0.0894165	128
-0.393447	0.0325431	127
-0.368552	0.0199471	127
-0.315834	0.0620702	33
-0.287751	0.0957831	32
-0.293553	0.0630979	33
-0.346145	0.0937617	38
-0.42189	-0.0637226	35
-0.381765	0.0400636	127
-0.376425	0.00614537	34
-0.340211	0.0163866	39
-0.276099	0.108618	36
-0.39498	-0.0514412	35
-0.317608	0.0288231	39
-0.335597	0.0891213	31
-0.293696	0.128958	38
-0.413669	-0.0286856	35
-0.376257	0.0157476	34
-0.360514	0.0583482	31
-0.446712	-0.0308047	35
-0.345078	0.0376847	33
-0.354257	0.0551138	31
-0.388155	0.0144347	34
-0.417225	-0.0766038	128
-0.3806	0.0542324	127
-0.399819	-0.00615045	34
-0.328292	0.0816358	31
-0.371095	-0.016411	34
-0.33045	0.0331107	33
-0.295721	0.0836214	32
-0.365014	0.0429234	127
-0.282947	0.114905	32
-0.324503	0.0326299	33
-0.292928	0.123464	38
-0.336144	0.0257888	39
-0.305157	0.122793	38
-0.348775	0.0636654	31
-0.331291	0.0831218	31
-0.350581	0.0340103	33
-0.305963	0.108892	38
-0.30117	0.0485993	33
-0.330831	0.0106799	39
-0.372568	0.0520949	127
-0.356673	-0.0279399	34
-0.284241	0.100755	32
-0.257614	0.162099	37
-0.3381	0.0220959	39
-0.327749	0.067633	33
-0.276595	0.0727971	41
-0.340978	0.0237541	39
-0.27821	0.120956	36
-0.300391	0.143206	128
-0.287473	0.0589225	33
-0.302345	0.0635976	33
-0.336776	0.0325982	33
-0.381396	0.0284098	127
-0.293814	0.0502251	33
-0.344497	0.0496665	31
-0.325105	0.110065	128
-0.355899	0.0764369	31
-0.280897	0.0427526	41
-0.273748	0.0969146	32
-0.279536	0.151211	37
-0.274012	0.158296	37
-0.368143	-0.0150202	34
-0.33793	0.0250251	39
-0.367964	-0.00190618	34
-0.341733	0.121526	128
-0.297845	0.0996346	38
-0.362569	0.0653182	31
-0.315167	0.148824	128
-0.29988	0.010915	39
-0.316296	0.0815068	32
-0.362638	0.0166939	30
-0.361672	-0.0119328	34
-0.301136	0.0689069	31
-0.286642	0.13932	37
-0.336206	0.0298628	39
-0.342442	0.0394745	33
-0.340682	0.00347659	39
-0.299296	0.0703436	32
-0.397547	-0.0690875	128
-0.31629	0.0260807	39
-0.250469	0.108486	40
-0.32109	0.0780015	31
-0.236977	0.104087	40
-0.275976	0.169235	37
-0.215863	0.138709	44
-0.229606	0.0572652	129
-0.232506	0.12183	41
-0.263911	0.158717	37
-0.260166	0.0544004	41
-0.260516	0.099866	40
-0.25272	0.136541	37
-0.257133	0.145043	37
-0.260664	0.0980108	32
-0.275503	0.119216	36
-0.272985	0.126232	36
-0.247361	0.106186	40
-0.277375	0.0554579	41
-0.292248	0.00739183	39
-0.305987	0.0724175	32
-0.248948	0.123784	40
-0.252431	0.116545	40
-0.292021	0.0727096	33
-0.286962	0.00223583	39
-0.282333	0.122945	32
-0.253898	0.14337	37
-0.280316	0.0400747	41
-0.341313	0.022909	39
-0.246991	0.093475	40
-0.233989	0.165785	37
-0.350177	0.0370215	33
-0.256747	0.0609585	129
-0.274517	0.100836	32
-0.262592	0.0882765	32
-0.259413	0.123495	36
-0.255416	0.0500119	129
-0.31409	0.122934	128
-0.255589	0.132265	36
-0.238248	0.141437	41
-0.220357	0.094668	43
-0.192097	0.136346	49
-0.262548	0.134311	36
-0.191091	0.141135	44
-0.319911	0.0698196	32
-0.312682	0.142427	128
-0.214987	0.132766	41
-0.326058	0.108184	38
-0.28978	0.166628	37
-0.229455	0.0943033	41
-0.306626	0.0754669	31
-0.289633	0.118947	38
-0.271422	0.118897	36
-0.221511	0.0631658	129
-0.233391	0.157029	41
-0.208367	0.149505	44
-0.24667	0.127476	36
-0.212214	0.195023	45
-0.237041	0.169597	45
-0.255769	0.131078	36
-0.256308	0.0445289	41
-0.1874	0.100801	47
-0.234155	0.0437564	129
-0.234629	0.0626289	129
-0.208456	0.191632	45
-0.297213	0.0483313	33
-0.295356	0.138202	38
-0.233082	0.10133	43
-0.243569	0.035008	128
-0.220195	0.200265	45
-0.2133	0.0805363	129
-0.194436	0.192564	48
-0.299799	0.0619828	33
-0.180887	0.154862	44
-0.181077	0.083286	129
-0.203502	0.0963945	47
-0.250895	0.158442	37
-0.339395	0.08659	31
-0.267027	0.0642619	41
-0.239792	0.0681959	129
-0.189084	0.125019	49
-0.276624	0.0419521	33
-0.278426	0.117206	36
-0.298968	0.0972181	38
-0.303849	0.0865993	32
-0.231945	0.128626	41
-0.238712	0.0895292	40
-0.212153	0.170956	44
-0.238923	0.230654	45
-0.245041	0.149768	41
-0.156759	0.121981	49
-0.218975	0.147192	44
-0.21929	0.0988349	43
-0.256481	0.132039	36
-0.178323	0.174854	48
-0.250836	0.115187	40
-0.245299	0.12068	40
-0.226388	0.0864335	43
-0.135449	0.167017	53
-0.230362	0.178956	45
-0.253497	0.126389	36
-0.147406	0.0794241	129
-0.116198	0.102754	95
-0.165138	0.185769	48
-0.134931	0.142702	53
-0.205184	0.17735	45
-0.12061	0.0971907	95
-0.18121	0.103952	49
-0.133348	0.171919	53
-0.181765	0.202722	52
-0.1442	0.17822	50
-0.184411	0.188276	48
-0.193073	0.15686	44
-0.148418	0.0908059	129
-0.218758	0.24649	45
-0.229423	0.126642	41
-0.144499	0.155502	53
-0.135763	0.145651	129
-0.151847	0.191593	52
-0.189991	0.146985	44
-0.217002	0.112209	47
-0.197656	0.200381	45
-0.203517	0.190728	42
-0.194751	0.111164	47
-0.237705	0.117137	41
-0.221441	0.173942	45
-0.124481	0.150836	53
-0.161345	0.113944	49
-0.168566	0.188794	48
-0.165813	0.1724	49
-0.22802	0.145266	41
-0.156773	0.152126	49
-0.144708	0.129391	49
-0.228815	0.104191	43
-0.157168	0.205703	52
-0.197772	0.140685	44
-0.212826	0.184915	45
-0.0966349	0.191045	53
-0.0600965	0.217816	51
-0.145636	0.239426	52
-0.106838	0.139054	53
-0.152017	0.197594	52
-0.102591	0.213431	52
-0.195018	0.168035	44
-0.189491	0.156213	44
-0.0888198	0.142952	53
-0.147542	0.165558	49
-0.125381	0.173215	53
-0.0755838	0.142508	53
-0.0543912	0.143362	95
-0.0879035	0.183981	53
-0.114053	0.12855	53
-0.0952139	0.157085	53
-0.155771	0.213117	52
-0.0760194	0.215262	51
-0.095715	0.144973	53
-0.0778133	0.149812	53
-0.115865	0.194119	50
-0.150606	0.184804	50
-0.15364	0.185194	48
-0.139073	0.0884871	49
-0.164545	0.195815	48
-0.0654508	0.245704	55
-0.111641	0.218638	52
-0.0769185	0.250598	125
-0.0704197	0.218495	51
-0.0503451	0.334777	54
-0.0755207	0.267932	125
-0.0992559	0.246112	125
0.00364817	0.202969	56
0.0450717	0.277852	57
-0.0210748	0.278754	58
-0.0440352	0.287211	58
-0.00967356	0.299542	58
-0.0582217	0.289587	125
-0.0334366	0.328697	54
-0.0338567	0.229956	56
-0.100371	0.222986	52
-0.0613784	0.214329	51
-0.0889106	0.322142	125
-0.0682086	0.218905	51
-0.08922	0.272354	125
-0.0932532	0.282328	125
-0.0503343	0.24733	55
-0.0691398	0.315278	125
-0.103596	0.20131	52
-0.0455928	0.290473	58
0.0425925	0.242193	59
-0.0397124	0.297559	58
-0.00300065	0.314644	60
-0.0482454	0.304001	54
-0.0186433	0.284455	58
0.056365	0.26302	61
-0.0162549	0.247631	58
-0.0469303	0.299526	125
-0.0666898	0.290506	125
-0.0520636	0.284046	125
-0.030012	0.228154	56
-0.0467378	0.328535	54
-0.0381501	0.24744	55
0.0524759	0.234924	59
0.0347204	0.283746	57
-0.0489186	0.316527	125
0.0340731	0.192768	63
-0.0476904	0.219618	56
-0.00526275	0.354609	60
0.0173072	0.298952	60
0.0316973	0.341507	61
-0.0411245	0.255665	58
-0.00117293	0.240155	56
0.00336297	0.28582	58
-0.0100459	0.289789	58
0.0625555	0.334387	61
0.018502	0.215253	59
0.0200495	0.264069	59
0.00406181	0.297743	58
-0.0617643	0.274114	125
0.0127567	0.330144	60
0.0459723	0.271527	59
0.0793678	0.250699	61
0.0899022	0.359664	61
0.0302828	0.293952	60
0.0136011	0.308611	60
0.0144123	0.279528	57
0.00415331	0.28322	58
0.0265472	0.273125	59
-0.0374797	0.333183	54
0.0610283	0.248608	61
0.160648	0.186985	68
0.0699939	0.149458	63
0.129782	0.221176	64
0.0709503	0.262874	61
0.0785898	0.19393	63
0.113207	0.238127	64
0.0253821	0.324044	61
0.00931608	0.298	57
0.0746825	0.343541	61
0.100085	0.276896	65
0.0100302	0.249961	59
0.0985914	0.267688	61
0.114092	0.21324	64
0.0447254	0.298245	60
-0.00107189	0.335552	60
0.0989388	0.256216	61
0.0571751	0.281157	57
0.0655666	0.335617	61
-0.00778277	0.29032	58
0.052047	0.383338	61
0.112681	0.245489	64
0.0863362	0.27316	61
-0.000780211	0.305819	60
0.0541244	0.204392	56
0.0430104	0.276012	59
0.00861665	0.24578	59
0.1466	0.213881	64
0.0752457	0.296646	61
0.0466077	0.296786	60
0.0684608	0.235058	61
0.0509027	0.276548	57
0.0577668	0.289339	57
0.0230662	0.246371	59
0.0278469	0.289351	57
0.0518612	0.342268	61
0.0681947	0.265665	61
0.0881841	0.247579	61
0.0486749	0.272941	59
0.0850928	0.223217	64
0.0126665	0.282962	58
0.117328	0.298824	65
0.0742253	0.291305	57
-0.0195109	0.358057	54
0.0405597	0.302553	61
0.176165	0.255208	66
0.124575	0.215061	64
0.191611	0.215328	68
0.163166	0.215859	62
0.0884168	0.261249	61
0.0813212	0.234012	64
0.10903	0.261464	65
0.0510816	0.280039	57
0.0132011	0.275156	58
0.11134	0.280333	65
0.129894	0.250459	64
0.137044	0.246502	64
0.0583116	0.289872	57
0.0624025	0.300666	61
0.158105	0.243005	66
0.138556	0.20362	64
0.135587	0.220476	64
0.119708	0.234713	64
0.144259	0.260537	66
0.122979	0.245182	64
0.16087	0.27273	67
0.140846	0.243891	66
0.152882	0.218546	66
0.159824	0.230871	66
0.0896918	0.245724	64
0.1501	0.261498	66
0.0563223	0.3166	61
0.100113	0.293517	65
0.160773	0.244603	66
0.10787	0.296514	65
0.0840773	0.29031	61
0.168654	0.290668	67
0.163435	0.239471	66
0.136132	0.242845	66
0.0997229	0.199654	64
0.0294218	0.309403	60
0.0730538	0.243853	61
0.197887	0.180262	68
0.155941	0.244616	66
0.12134	0.262991	65
0.198628	0.176463	68
0.115133	0.200587	64
0.0405966	0.232734	59
0.105739	0.267975	65
0.127969	0.263481	65
0.0784919	0.273945	61
0.126714	0.281617	65
0.112987	0.247255	64
0.119144	0.285802	65
0.175216	0.247204	66
0.103906	0.253905	64
0.136745	0.266644	66
0.131836	0.235576	66
0.166162	0.260572	67
0.158642	0.243956	66
0.224525	0.220876	71
0.163897	0.260403	67
0.0938976	0.278583	61
0.217705	0.195272	69
0.185613	0.232552	66
0.177289	0.250974	66
0.174892	0.223552	66
0.0829106	0.325693	61
0.0990996	0.269449	61
0.138188	0.218256	64
0.157284	0.244604	66
0.17869	0.233219	66
0.241245	0.219516	71
0.1785	0.241164	66
0.262522	0.178472	72
0.150779	0.232942	66
0.179972	0.235171	66
0.10037	0.322285	61
0.173409	0.230525	66
0.0799945	0.272324	61
0.259283	0.170492	72
0.12068	0.257611	65
0.180372	0.28325	67
0.114163	0.28504	65
0.159111	0.262718	66
0.173675	0.244491	66
0.149138	0.261908	66
0.0843669	0.24777	61
0.15774	0.231797	66
0.198866	0.213678	69
0.183423	0.222267	66
0.173974	0.231229	66
0.138544	0.259991	66
0.11831	0.274671	65
0.202764	0.200218	68
0.262838	0.222099	71
0.205913	0.198224	69
0.14948	0.236488	66
0.126926	0.253895	64
0.146606	0.298673	67
0.213467	0.200573	69
0.13502	0.233503	66
0.197176	0.217513	66
0.264093	0.186634	72
0.236009	0.185695	71
0.230455	0.208318	71
0.147554	0.258791	66
0.134999	0.204709	64
0.180864	0.296091	67
0.105707	0.265746	65
0.137812	0.28999	67
0.299634	0.150855	73
0.305756	0.200138	128
0.274509	0.219636	71
0.161411	0.222267	66
0.23227	0.198617	71
0.152841	0.246615	66
0.231746	0.225392	71
0.170331	0.260184	66
0.175339	0.234565	66
0.245876	0.215661	71
0.212948	0.220175	69
0.278388	0.222492	71
0.165625	0.30063	67
0.159581	0.261217	66
0.230401	0.152282	70
0.191648	0.206447	68
0.21985	0.192822	69
0.194276	0.241167	66
0.24344	0.153391	72
0.203316	0.247249	66
0.284785	0.144493	73
0.247833	0.154578	72
0.185065	0.236767	66
0.264042	0.169465	72
0.127619	0.259601	65
0.200986	0.241818	66
0.295733	0.156527	72
0.266313	0.207658	72
0.306801	0.155718	73
0.237578	0.178531	70
0.206707	0.227725	69
0.37613	0.138979	128
0.231594	0.229432	69
0.207289	0.210956	69
0.268136	0.191956	72
0.208601	0.263132	67
0.194925	0.248176	66
0.166678	0.243337	66
0.235956	0.189596	71
0.20066	0.259071	67
0.158759	0.303278	67
0.0995267	0.300371	61
0.232426	0.19318	70
0.282422	0.162411	72
0.192354	0.257662	67
0.143896	0.252363	66
0.194071	0.285637	67
0.20402	0.206268	69
0.24847	0.214851	71
0.204625	0.238551	69
0.272929	0.202957	72
0.189644	0.23777	66
0.179207	0.249806	66
0.196371	0.177223	68
0.162956	0.271436	67
0.196312	0.26418	67
0.160744	0.271563	67
0.18596	0.241405	66
0.192356	0.226984	66
-0.102315	-0.212225	94
0.0295942	0.0263502	75
-0.0872975	-0.200635	94
-0.175422	-0.197842	129
-0.0753783	-0.0838291	77
-0.0292744	-0.0933875	78
0.076601	0.0637916	79
0.00678949	-0.00876656	80
0.046514	-0.0277501	81
-0.148937	-0.227133	113
0.000159605	-0.0523048	82
-0.129455	-0.197535	74
-0.0110291	-0.0185994	80
0.045133	0.0970087	95
0.0307392	0.0311188	75
-0.142144	-0.223878	81
-0.0702711	-0.100868	77
-0.0501707	-0.0247617	128
-0.0472452	-0.0879383	77
0.0554752	0.0289375	90
0.0184291	0.0354825	86
-0.111041	-0.189106	74
-0.068479	-0.0867154	77
-0.0364421	-0.167362	96
0.0244116	-0.00325822	75
-0.0793308	-0.144743	88
-0.0347943	-0.00502503	83
-0.124487	-0.222387	81
-0.0293612	-0.0557357	82
-0.0189963	-0.111194	96
-0.115267	-0.198783	74
-0.00679758	-0.0995066	96
-0.0139599	0.0329651	92
0.00544849	-3.57196e-005	80
-0.119237	-0.155821	89
-0.000966358	-0.0134888	80
-0.0976717	-0.14872	88
-0.0930639	-0.0923917	77
-0.0294903	-0.0471881	82
0.0761375	0.115089	84
-0.064516	-0.0188843	85
-0.054075	-0.0993013	77
-0.114026	-0.135519	89
-0.00754592	-0.0374347	82
-0.0686586	-0.143858	88
-0.102036	-0.0914172	77
0.00776749	-0.0030686	80
-0.0543639	-0.105463	78
-0.0447297	-0.0385129	85
-0.104788	-0.122637	89
0.0069114	-0.00231612	80
-0.144476	-0.158097	89
-0.0252523	-0.0260322	83
-0.0796485	-0.142778	88
-0.0315566	-0.0550099	85
-0.108926	-0.170697	89
-0.0530467	-0.0604844	85
-0.0351867	-0.0756773	78
-0.0442092	-0.0986346	77
-0.0553611	-0.0886193	77
0.106427	0.0147372	90
-0.0350412	-0.0445027	85
-0.0989096	-0.107197	93
-0.060941	-0.0986584	77
0.0759695	0.0885437	95
-0.0152267	0.00455799	80
-0.0600136	-0.0595211	85
0.000920779	-0.0329776	80
-0.109329	-0.197438	94
-0.010138	-0.0186995	80
-0.0986236	-0.0520065	128
0.0574066	0.0545401	79
-0.0608132	-0.0446621	85
-0.0484203	-0.091985	77
0.0298774	-0.00897502	81
-0.0715358	-0.145331	88
-0.06686	-0.148419	88
-0.0721219	0.0203719	128
0.0231454	0.00129655	75
-0.10286	-0.16529	88
-0.0817069	-0.041439	91
-0.0147853	-0.0165935	80
-0.0548524	0.0282768	128
-0.10047	-0.160881	88
-0.0353339	0.0186779	92
-0.128289	-0.171877	89
-0.0617667	-0.0466331	85
-0.0751469	-0.0217328	128
-0.0502037	-0.0483905	85
-0.0944706	-0.0610002	91
-0.0792553	-0.108417	77
-0.101366	-0.116631	93
-0.0234589	-0.0471764	82
-0.0966531	-0.173697	88
0.000886752	-0.0109618	80
-0.0375434	-0.134065	87
-0.0809396	-0.132127	84
-0.0107576	-0.00880599	80
-0.0566333	-0.0645358	77
-0.0235874	-0.0918373	78
0.0373952	0.0442013	79
-0.121674	-0.240366	113
-0.0502456	-0.112553	78
-0.0967329	-0.134711	89
-0.0319414	-0.149759	96
0.0315755	0.00829805	75
0.0130968	0.0519475	75
-0.135277	-0.138888	129
-0.0181729	-0.0622933	78
-0.169457	-0.213644	81
-0.060986	-0.147018	88
0.00555029	-0.0485906	82
-0.0413716	-0.0938773	78
-0.0616656	-0.0919385	77
0.0168966	-0.0285204	81
-0.00326404	0.0297994	86
-0.0815867	-0.11734	84
-0.145357	-0.193361	74
-0.0255264	0.00653317	83
-0.0198213	-0.0656124	78
-0.266574	-0.246954	130
-0.0385656	-0.0855228	78
-0.0476212	-0.0671162	77
-0.0261113	-0.057129	82
-0.0490051	-0.106023	78
-0.0102405	-0.0240222	80
-0.0275877	-0.0432487	82
0.00588945	-0.0172817	80
-0.158193	-0.213939	81
0.0224482	0.00999246	75
-0.127199	-0.168774	89
-0.000947379	-0.0654016	82
-0.0272806	-0.0823533	78
-0.0557555	-0.10826	78
-0.104213	-0.145215	89
-0.0501661	-0.141969	87
-0.0472001	-0.0353953	85
-0.119183	-0.19795	74
-0.0464615	-0.120025	87
-0.0531611	-0.0502375	85
-0.171056	-0.187024	129
0.037376	0.0192291	75
-0.136568	-0.173641	89
-0.0892879	-0.163078	88
-0.0824335	-0.149874	88
-0.0514592	-0.110327	78
-0.00398825	-0.0388442	80
0.096845	0.00389356	90
-0.0914705	-0.165831	88
-0.0348342	-0.06975	78
-0.149769	-0.173849	89
-0.0312311	-0.150149	87
-0.0873921	-0.105432	77
-0.0103453	-0.0250251	80
-0.140552	-0.19493	74
-0.0669205	-0.0249935	85
-0.131778	-0.131602	93
-0.0427453	0.0267293	92
-0.044427	-0.12505	87
-0.0734637	-0.0736549	91
-0.0882482	-0.155955	88
0.0794932	0.0701553	95
0.0631155	0.0606587	79
-0.0718533	-0.137811	88
0.0358782	-0.0106599	81
-0.0749634	-0.089984	77
0.024607	-0.0453157	82
0.00735826	0.0373891	86
-0.100192	-0.115588	93
-0.047611	-0.095925	77
-0.221526	-0.325832	130
-0.0359802	-0.0215848	83
0.11606	0.0488902	90
-0.00735233	-0.0463063	82
-0.0587494	-0.0918282	77
-0.00739227	-0.0827723	82
-0.00944005	-0.0338715	82
0.106425	0.107206	84
-0.0212981	-0.00605206	83
-0.0971021	-0.107743	84
-0.149829	-0.23445	81
-0.060146	-0.113884	78
-0.0618522	-0.143372	88
0.026989	0.0617683	75
-0.105935	-0.170858	88
0.0544204	0.0596478	79
-0.0566113	-0.0953252	77
-0.0201261	-0.0608078	78
0.0217144	0.0224285	75
-0.000492585	-0.0326918	80
-0.0301952	-0.089729	78
-0.00525455	0.00487619	80
-0.129386	-0.152732	89
0.0466915	0.0128984	90
-0.0913835	-0.205106	94
-0.145897	-0.197868	76
0.0198111	-0.039168	81
-0.101996	-0.095327	77
-0.0331927	-0.0164727	83
-0.0471587	-0.12858	87
-0.184881	-0.251813	93
-0.0982571	-0.0667396	91
-0.0291639	-0.0663996	82
0.0229328	0.0266608	75
-0.0852474	-0.105573	77
-0.0184658	-0.0526861	82
-0.0318849	0.0228569	92
0.0135176	0.0197439	86
-0.157165	-0.233391	113
0.0506253	0.0753174	95
0.0143772	-0.0341018	81
-0.00632408	0.00131656	80
-0.0813226	-0.166709	84
-0.0695744	-0.227186	128
-0.135041	-0.206895	81
-0.134846	-0.0979375	93
-0.0312597	-0.0199064	85
-0.0410074	-0.131351	87
-0.166489	-0.312885	113
-0.0809762	-0.0941682	77
0.0487048	-0.0271281	81
-0.0897537	-0.169751	88
0.00413525	-0.0192016	80
0.00361809	-0.0317442	80
-0.0175636	-0.0700624	78
0.0293468	-0.000549016	75
0.00648363	-0.0579156	82
-0.0165267	-0.0364894	82
-0.0873885	-0.0262891	128
-0.0186678	-0.0161622	95
-0.104239	-0.12729	89
-0.0804611	-0.120269	84
0.000677439	0.0396679	86
-0.0122791	-0.0157097	80
-0.0428331	-0.0685052	78
-0.0532615	-0.106525	78
0.0985872	0.0813107	79
-0.0581859	-0.042881	85
0.0125321	-0.0187766	80
-0.0390745	-0.0938147	78
-0.109975	-0.217537	94
-0.0961185	-0.0350833	91
0.0123994	-0.00265231	80
-0.0520783	-0.0092075	85
0.072535	-0.00821624	90
-0.00123694	-0.069789	82
-0.177038	-0.238813	81
-0.0517325	-0.0945295	77
0.0939809	0.0256368	90
-0.0703646	-0.0758427	77
0.0523201	0.00551485	90
-0.026002	-0.0496886	82
-0.0998527	-0.152711	88
0.0539722	-0.0213173	81
-0.03964	-0.147718	87
0.0496633	0.0218119	75
-0.141724	-0.157709	89
-0.127273	-0.158696	89
-0.02238	-0.0351727	83
-0.070857	-0.185868	94
0.0319301	0.0557852	79
-0.052932	-0.109534	78
-0.141558	-0.178909	89
-0.096778	-0.136978	89
-0.0560308	-0.134992	87
-0.178828	-0.274527	113
0.0394433	0.101494	84
0.0509126	-0.026551	81
-0.0547212	-0.118685	78
-0.0460159	-0.0259034	85
0.0238922	0.0639306	75
-0.00507581	-0.0398027	80
-0.0080937	0.0215377	92
-0.066243	-0.0885237	77
0.0948275	0.123611	63
-0.0777093	-0.134137	88
-0.0999002	-0.0707174	91
-0.062337	-0.0896315	77
-0.0988302	-0.114563	84
0.00219893	-0.0214839	80
-0.00780639	-0.0859693	78
0.0417216	0.00682299	75
0.126004	0.0903489	79
0.0324773	-0.00102578	75
-0.0151044	-0.0851662	82
0.0705748	0.0673039	79
-0.0278328	-0.125499	87
-0.0217972	0.0302113	92
-0.10899	-0.0699749	128
-0.126294	-0.152713	89
-0.0510033	-0.0904949	77
-0.0886775	-0.140453	88
-0.0366237	-0.135973	87
-0.0172306	-0.0761129	78
0.0700083	0.0788438	84
-0.090089	-0.192534	94
-0.104157	-0.137352	89
-0.0287167	-0.106258	78
-0.0353761	-0.0706589	78
-0.0840445	-0.107452	77
-0.0481495	-0.072883	77
-0.0217009	-0.0260235	83
-0.17676	-0.21022	81
-0.136912	-0.172964	89
0.00923518	-0.0242382	80
-0.0345226	0.00463142	83
0.00533249	-0.0229974	80
-0.108289	-0.156433	89
-0.0271507	-0.048633	82
-0.0894511	-0.0867679	77
0.0281027	0.0181237	75
-0.0617243	-0.117103	78
-0.0919417	-0.144361	88
-0.0915547	-0.160744	88
-0.107901	-0.0944396	77
-0.0422944	-0.137546	87
-0.212391	-0.231435	93
-0.0746121	-0.0301905	91
0.00106293	-0.0425318	82
-0.15828	-0.214322	81
0.00297889	-0.0490636	82
-0.128496	-0.213966	81
0.00423128	-0.0303128	80
-0.0958839	-0.195201	94
-0.0313064	-0.106275	78
-0.097518	-0.122434	84
0.0338654	0.0231025	75
-0.0671595	-0.131067	84
0.0252745	0.0324983	75
0.00376316	0.0332065	86
-0.0392703	-0.0945304	78
-0.0276443	-0.035939	83
-0.0291764	-0.0159849	83
0.0262562	-0.014606	81
-0.0407867	-0.009062	83
0.00387405	0.0184412	75
0.0323921	0.00641642	75
-0.105287	-0.157403	89
-0.00278784	-0.0299673	80
-0.100234	-0.172623	88
0.0452612	0.0222741	75
0.0302819	-0.00598977	81
-0.0393031	-0.118903	87
-0.043243	-0.0497608	85
-0.112286	-0.136703	89
0.0255916	-0.0556237	82
-0.0607328	-0.0943656	77
-0.0716006	-0.14032	88
-0.0357226	-0.09178	78
-0.167528	-0.176777	129
-0.0234981	0.0308698	92
0.0359544	0.0348475	75
-0.0769403	-0.13222	84
0.0658384	0.0260288	90
-0.0305978	0.0128569	92
-0.0336241	-0.111277	78
-0.133514	-0.169273	89
-0.0650333	-0.0887251	77
-0.106711	-0.17629	88
0.0114522	-0.0356715	81
-0.126816	-0.206757	74
-0.0696931	-0.103893	77
-0.0953339	-0.159252	88
-0.00879306	-0.0462515	82
0.00603021	0.0320744	86
-0.172958	-0.219486	81
-0.088505	-0.144405	88
-0.0265731	-0.118362	96
0.00307059	-0.0235199	80
-0.104542	-0.152615	89
-0.0985551	-0.0638019	91
-0.141717	-0.131727	129
0.00508134	-0.0585151	82
0.0888851	0.119353	84
-0.0714787	-0.116202	77
-0.0474642	-0.143045	87
-0.0882475	-0.171016	84
-0.0032153	-0.044679	82
-0.0325837	-0.0653892	82
0.0257027	0.0617262	75
0.00609815	-0.0208965	80
-0.0163215	-0.047001	82
-0.107731	-0.100419	93
-0.135255	-0.178487	89
-0.169969	-0.248868	81
-0.0758436	-0.131579	84
-0.00630266	-0.110051	96
-0.034277	-0.00873132	83
-0.0170182	-0.0622504	78
-0.0262079	-0.0812458	78
0.0637672	0.0604578	79
-0.0195489	0.0838184	95
-0.0770033	-0.110678	77
-0.037248	-0.0435544	85
0.0654398	0.0328266	90
-0.120601	-0.147114	89
0.0470372	-0.00141436	75
-0.0628314	-0.125905	84
-0.0778051	-0.138088	88
0.00882547	-0.0240706	80
-0.0601814	-0.0448219	85
0.0353668	0.0190121	75
-0.0792916	-0.126271	84
-0.145197	-0.166382	89
-0.113996	-0.177715	74
-0.0625913	-0.0771876	77
0.106445	0.115918	79
0.142379	0.0804477	79
-0.142952	-0.200134	74
0.0431779	0.0331654	75
0.0708901	0.101251	84
-0.00789672	-0.0419929	82
-0.00513174	0.0163475	86
-0.150923	-0.20085	76
0.00207271	-0.00654029	80
-0.0591889	-0.0458673	85
-0.0828059	-0.183797	94
-0.00121381	-0.0426634	82
0.000647022	-0.0369321	80
0.00293693	-0.0501408	82
-0.07359	-0.0935416	77
-0.0084827	0.013884	80
-0.0533563	-0.0742351	77
-0.0980668	-0.106526	77
-0.00956462	-0.106441	96
-0.00900135	0.000568383	80
-0.0659819	-0.108698	77
-0.0162458	-0.0594479	78
-0.0399971	-0.0756666	78
0.0554116	0.0529284	79
-0.115785	-0.0849069	128
-0.0576901	-0.178911	128
-0.0367441	-0.0640625	78
-0.11136	-0.13142	89
-0.0399698	-0.114956	78
-0.0380961	-0.100565	78
0.0453112	0.0533567	79
-0.0519048	-0.0768716	77
0.0430677	0.0184039	75
0.0212731	-0.0116377	75
-0.0074173	-0.0259768	80
-0.0932857	-0.0642559	91
0.0229123	-0.00170192	75
-0.0400428	-0.0968067	78
0.0670242	0.123888	84
-0.00931995	-0.105987	96
0.0860795	0.00875418	90
-0.134056	-0.264537	113
0.142236	0.0724905	79
-0.0405131	-0.111839	78
-0.0470671	-0.178422	128
-0.0740711	-0.112663	77
-0.0749857	-0.076848	77
-0.0731595	-0.142888	88
-0.0679117	-0.0240166	85
-0.00435491	-0.10095	96
-0.0600939	-0.0217207	85
-0.10113	-0.0989628	93
-0.129909	-0.219294	81
-0.0867396	-0.180168	84
-0.00201312	-0.0136416	80
-0.0653059	-0.0955063	77
0.0358314	0.0843569	95
0.0658877	0.083862	95
-0.019643	-0.0631189	78
-0.00430996	-0.0314592	80
0.00502683	-0.0294096	80
0.0141303	0.0878644	95
-0.00637027	-0.0322502	80
-0.0693869	-0.102064	77
-0.0728399	-0.145468	88
-0.113166	-0.0877284	128
0.0439791	0.0197472	75
-0.0592303	-0.161405	87
0.0382238	-0.00550327	81
-0.0226835	-0.060923	82
-0.0156946	0.00276405	80
-0.0380888	-0.0237427	85
-0.0892664	-0.120294	84
-0.0113045	-0.0525934	78
-0.0523799	-0.0949285	77
-0.0753929	-0.149981	88
0.00622479	-0.150414	96
-0.0366283	-0.0561599	85
0.0663098	0.0353886	79
0.0286184	0.0149253	75
-0.099861	-0.0620981	91
-0.162197	-0.210217	81
-0.06439	-0.0308877	85
-0.0236245	-0.115014	78
-0.0798908	-0.106423	77
-0.026129	-0.131105	96
0.0304204	0.0196728	75
0.00287016	-0.049101	82
-0.0282113	-0.00896982	83
-0.0903706	-0.200245	94
0.0976878	0.0775497	95
-0.0252039	0.00909586	83
-0.0274357	-0.100999	78
-0.0233408	-0.0750691	78
-0.0784449	-0.129177	84
-0.00431706	-0.0156926	80
-0.0583609	-0.0969935	77
-0.034479	-0.0586539	85
-0.0684636	-0.0811888	77
-0.0518876	-0.0350598	85
-0.0666281	-0.106807	77
-0.079468	-0.155122	88
0.0401962	0.0247578	75
-0.172374	-0.187973	129
-0.024184	-0.0380394	83
-0.0621255	-0.14875	88
-0.103065	-0.070239	128
-0.0773233	-0.161463	84
0.0549585	0.0274027	90
-0.00777048	-0.033016	82
-0.149207	-0.160043	129
-0.0948314	-0.129768	89
-0.0324021	-0.0441415	85
-0.0693402	-0.0899077	77
0.032719	0.0227993	75
-0.0907771	-0.148531	88
-0.108584	-0.117881	93
-0.0574031	-0.0770949	77
0.0563582	-0.011479	81
-0.0610822	-0.089792	77
-0.113682	-0.150534	89
-0.065014	-0.0910793	77
-0.0974606	-0.103222	77
-0.160867	-0.208488	129
-0.164588	-0.24059	81
-0.183531	-0.199972	129
-0.0298627	-0.00866242	83
0.0159121	-0.103611	96
-0.0968783	-0.116891	84
0.0217282	-0.0316903	81
-0.0558766	-0.101842	77
-0.0507774	-0.0625497	85
-0.118521	-0.175435	74
-0.142573	-0.223901	113
-0.147265	-0.156506	89
0.0222608	-0.0279666	81
-0.0287214	-0.0472401	82
-0.14866	-0.160638	89
-0.0928774	-0.0690733	91
-0.118182	-0.148601	89
-0.0152251	-0.0328082	83
-0.0854279	-0.088806	77
-0.0334568	-0.0790168	78
-0.00107769	-0.020362	80
-0.0392002	-0.0357636	85
0.00720455	-0.0504593	82
-0.0995573	-0.121022	89
-0.0687188	-0.137304	88
0.0794815	0.0649634	79
-0.163499	-0.254053	113
-0.0836839	-0.12167	84
-0.0610533	-0.144203	88
0.120017	0.105097	63
-0.0474722	-0.0115639	85
-0.127946	-0.17929	74
-0.0372901	-0.0982317	78
0.0264764	0.00467736	75
-0.067742	-0.0701174	91
-0.0524111	-0.0558677	85
-0.0103361	0.0259863	92
0.0817755	0.082385	95
-0.0717892	-0.0947022	77
-0.0451234	-0.0680798	78
-0.0185353	-0.0966398	78
-0.0545633	-0.0704025	77
-0.0542579	-0.0586793	85
-0.0498798	-0.0126467	85
-0.154398	-0.236011	81
-0.129318	-0.141529	89
-0.0380108	-0.105704	78
-0.0640709	-0.152446	88
0.0201062	0.0224808	75
-0.0288873	0.0158866	92
-0.112345	-0.21288	94
-0.168747	-0.248453	113
0.0143636	0.00524183	75
0.00701724	-0.0209366	80
-0.0363727	0.000829031	92
0.00871122	0.000787435	80
-0.0372798	-0.0792357	78
-0.0354255	-0.0652186	78
-0.059037	-0.0485951	85
-0.0274986	-0.0366779	82
-0.0848462	-0.0700547	91
-0.001915	0.00578322	80
-0.00217549	-0.0237862	80
-0.050933	-0.0910155	77
-0.196653	-0.187784	129
-0.00880036	-0.00110348	80
-0.0508011	-0.11828	78
-0.122432	-0.111713	93
0.0596134	0.0386813	79
-0.00368951	-0.0191795	80
-0.202478	-0.213138	129
-0.00553693	-0.0383266	82
-0.0512032	-0.12439	87
-0.0396287	-0.0380106	85
-0.0353463	-0.0660264	78
0.0236682	0.0525614	75
-0.0463875	-0.057012	85
0.0457757	0.0719134	95
-0.0125542	-0.0422306	82
-0.0219005	-0.0965552	78
0.0170837	-0.0271479	81
-0.0156738	-0.0785724	78
-0.087141	-0.121985	84
0.00314692	-0.0111382	80
0.0378541	0.0374794	75
0.116113	0.106261	63
-0.0658738	-0.118356	84
-0.0735507	-0.204552	94
-0.00522392	0.0518427	95
0.0436502	0.0445523	79
0.055454	0.0577397	79
-0.0366969	-0.0382603	85
-0.102094	-0.201488	74
0.0236316	-0.00119692	75
0.0518666	0.0431159	79
-0.0234775	-0.0211877	83
0.0103501	-0.00374164	80
0.00287555	-0.00734819	80
-0.146521	-0.111779	129
0.0284887	-0.00568653	81
0.0436507	0.0621007	79
-0.0927522	-0.171265	88
-0.0308424	-0.0725959	78
-0.0740544	-0.131421	84
-0.101939	-0.116945	84
-0.0737516	-0.160245	88
-0.0507451	-0.0794416	77
0.0226088	0.0143611	75
0.0111722	0.0287857	86
-0.10327	-0.163312	89
-0.0424153	-0.0777089	78
-0.017808	-0.0645482	78
-0.08224	-0.0768708	77
-0.0365341	-0.03469	85
-0.195308	-0.241508	93
-0.0389893	-0.0812191	78
-0.178002	-0.254024	113
-0.130811	-0.16668	89
-0.0286043	-0.0583054	82
0.0606407	0.0818566	95
-0.0431306	-0.00227519	92
-0.0926443	-0.0756987	91
0.0141938	0.00489787	75
0.00728232	-0.0593514	82
0.0269999	0.0328767	75
-0.123728	-0.119308	93
-0.11475	-0.103184	93
-0.187813	-0.176854	129
0.00951194	0.0165308	75
-0.137547	-0.156665	89
-0.0834019	-0.151939	88
-0.0251941	0.0102555	80
-0.0644792	-0.0758408	77
0.0336598	0.0213648	75
-0.0212713	-0.0981629	96
-0.0985525	-0.10536	77
-0.0269027	-0.0590725	82
-0.00981385	0.00324575	80
-0.00372243	-0.0463742	82
0.0167558	0.00673608	75
0.0250755	0.0195834	75
-0.128723	-0.229701	81
-0.0274649	0.0106614	80
-0.0411673	0.0525642	92
-0.0272137	-0.00387871	83
-0.00549013	-0.00934281	80
-0.0214996	-0.0810892	78
-0.101693	-0.0929297	77
0.014542	-0.0164154	80
-0.10685	-0.105602	93
-0.0146292	-0.0266896	83
-0.0548673	-0.102597	77
-0.0574636	-0.0707271	77
-0.166155	-0.201181	76
-0.0398238	-0.0127756	85
-0.00615146	-0.0272183	80
-0.0197027	-0.105738	96
-0.0832745	-0.172968	84
0.0077636	-0.0211931	80
0.051772	0.0456004	84
-0.0717529	-0.114627	77
-0.0769727	-0.122771	84
-0.132482	-0.164312	89
-0.124334	-0.164075	89
0.011054	0.00519025	75
-0.0350389	-0.0758515	78
-0.132514	-0.0977881	93
0.0331744	0.0342738	75
-0.0828727	-0.146647	88
-0.025841	-0.0150748	83
0.00196776	-0.0333784	80
-0.0300271	-0.0376065	83
-0.0551374	-0.121475	78
-0.0959422	-0.0732727	91
-0.0598385	-0.110311	78
-0.0466805	-0.116958	78
-0.0497563	-0.107282	78
0.0321161	0.0239688	75
0.0278215	-0.0248017	81
-0.0385549	-0.0544175	85
0.00319004	0.0370905	86
-0.00969847	-0.0626288	78
-0.0268344	-0.0635083	82
-0.0267614	-0.0403162	82
-0.0502373	-0.112279	78
-0.085911	-0.135466	84
-0.146632	-0.206183	81
-0.0612206	-0.174106	94
0.0132696	0.0280572	86
-0.0171463	-0.0206393	83
0.0046133	-0.0448203	82
-0.0838925	-0.140175	88
-0.0599609	-0.132946	84
-0.0346199	-0.0948566	78
0.00396723	-0.0245167	80
-0.0512751	-0.0611116	85
-0.0363115	-0.0635255	78
-0.0166973	-0.0640343	78
0.0182787	-0.082078	82
-0.0955184	-0.129016	89
-0.0570389	-0.140766	88
-0.222017	-0.32074	130
-0.0205952	-0.0448316	82
0.0408833	0.015315	75
-0.0613758	-0.0774086	77
-0.0318983	-0.0864229	78
-0.0145256	-0.111533	96
-0.0752109	-0.139549	88
-0.01405	-0.0115564	80
-0.0312353	-0.0902658	78
0.0505881	0.0522333	79
-0.146801	-0.224129	81
0.00274778	-0.0125812	80
-0.0408676	-0.137614	87
-0.0275428	-0.0817288	78
-0.0595244	-0.0640066	85
-0.110828	-0.201266	74
-0.0536886	-0.117766	78
-0.0222518	-0.048508	82
-0.057663	-0.0467369	85
-0.0981606	-0.154838	88
-0.130002	-0.0794691	93
-0.0895297	-0.192098	94
0.0433988	0.0504026	79
-0.0246078	-0.0341629	83
-0.111235	-0.176483	88
-0.00721963	-0.00384626	80
0.0786318	0.0688967	79
-0.00370379	-0.0153379	80
-0.0906049	-0.101105	77
-0.0119037	-0.0317072	82
0.225715	-0.278444	96
0.288284	-0.312394	97
0.109928	-0.0903078	98
0.330363	-0.345947	97
0.142217	-0.174425	99
0.270429	-0.283366	97
0.122917	-0.148458	126
0.194353	-0.173716	100
0.19233	-0.164859	106
0.206447	-0.232361	101
0.0841767	-0.0646147	98
0.125206	-0.152824	99
0.216929	-0.222113	101
0.179231	-0.203113	101
0.20816	-0.194624	101
0.250598	-0.240422	101
0.134774	-0.145579	126
0.174147	-0.189169	100
0.169428	-0.195564	100
0.238124	-0.304372	97
0.126643	-0.176944	102
0.118971	-0.141482	99
0.169664	-0.188962	100
0.234588	-0.274177	96
0.176955	-0.156487	106
0.0375937	-0.0310251	81
0.194204	-0.228183	101
0.216588	-0.21999	101
0.310903	-0.364595	97
0.240864	-0.256521	101
0.226064	-0.226624	101
0.139259	-0.108582	126
0.176351	-0.176062	100
0.235865	-0.215746	101
0.210564	-0.256489	96
0.2541	-0.311822	97
0.28654	-0.362516	97
0.213356	-0.22479	101
0.183409	-0.196083	100
0.101349	-0.111231	98
0.205157	-0.263167	101
0.169084	-0.203786	100
0.129751	-0.151282	126
0.191755	-0.195384	100
0.279602	-0.29897	97
0.167196	-0.199547	100
0.17718	-0.215545	101
0.245284	-0.267143	97
0.0855108	-0.123835	98
0.135973	-0.146551	126
0.165638	-0.167086	100
0.184204	-0.196417	100
0.191923	-0.199421	100
0.207786	-0.216342	101
0.08839	-0.11152	98
0.191928	-0.244113	101
0.190844	-0.204202	101
0.110993	-0.109348	126
0.148116	-0.150781	126
0.175075	-0.2222	101
0.143403	-0.138522	126
0.211884	-0.219126	101
0.128277	-0.126844	126
0.169956	-0.166599	100
0.215713	-0.25255	101
0.170457	-0.165531	100
0.130268	-0.128967	126
0.296962	-0.28635	97
0.127621	-0.152441	99
0.241469	-0.268695	97
0.230553	-0.271247	96
0.19859	-0.240012	101
0.117551	-0.105413	98
0.0764207	-0.070028	98
0.171302	-0.198284	100
0.175253	-0.195782	100
0.106727	-0.0913017	98
0.171885	-0.237547	101
0.194419	-0.196901	100
0.199627	-0.224337	101
0.201518	-0.23789	101
0.212373	-0.19824	101
0.148401	-0.158329	126
0.146486	-0.187261	102
0.132126	-0.138557	126
0.15469	-0.177005	99
0.185419	-0.185086	100
0.227155	-0.261294	96
0.0591698	-0.0493518	81
0.185457	-0.212282	101
0.122142	-0.171462	102
0.205651	-0.232034	101
0.101375	-0.0936982	98
0.326343	-0.355286	97
0.202412	-0.247685	101
0.196693	-0.162819	100
0.135316	-0.12243	126
0.267325	-0.323299	97
0.162953	-0.183374	100
0.114757	-0.142688	126
0.128145	-0.151832	126
0.118042	-0.0802386	98
0.108516	-0.0735073	98
0.164482	-0.159116	100
0.144702	-0.162785	99
0.274545	-0.304377	97
0.223647	-0.266481	96
0.23587	-0.310504	97
0.220727	-0.275913	96
0.0875944	-0.0957389	98
0.167517	-0.204759	101
0.135854	-0.226151	102
0.158752	-0.20247	99
0.143104	-0.209259	102
0.245313	-0.156451	104
0.127972	-0.256219	107
0.247883	-0.139276	104
0.155358	-0.201591	102
0.190981	-0.175565	100
0.223606	-0.17353	103
0.258169	-0.122669	105
0.327371	-0.0917815	105
0.136146	-0.229136	102
0.150482	-0.22012	102
0.179585	-0.175103	100
0.247919	-0.116594	104
0.195503	-0.195053	100
0.0608548	-0.297668	128
0.197817	-0.123033	106
0.141872	-0.186575	102
0.184723	-0.21932	101
0.0662176	-0.270912	105
0.162506	-0.212863	102
0.125591	-0.225482	107
0.258429	-0.139864	104
0.169094	-0.218051	101
0.254627	-0.121564	105
0.200418	-0.171385	100
0.206381	-0.169309	100
0.11391	-0.230986	107
0.111226	-0.201529	102
0.211302	-0.151763	106
0.314152	-0.0701034	105
0.225345	-0.148734	106
0.212046	-0.157927	106
0.103623	-0.246553	107
0.0873419	-0.306768	105
0.276204	-0.0830939	105
0.199376	-0.157357	106
0.156403	-0.188326	99
0.202623	-0.162865	100
0.281445	-0.119031	105
0.233804	-0.168906	103
0.224681	-0.194405	101
0.193052	-0.138312	126
0.0649069	-0.276088	128
0.152794	-0.172716	100
0.226914	-0.153887	106
0.0551247	-0.292813	128
0.172234	-0.183868	100
0.218307	-0.140401	106
0.184762	-0.218961	101
0.206747	-0.148636	106
0.132498	-0.2432	107
0.172541	-0.214463	101
0.203011	-0.150163	106
0.169441	-0.188608	100
0.117434	-0.248759	107
0.211068	-0.152786	106
0.175348	-0.214707	101
0.132127	-0.175237	102
0.186023	-0.216965	101
0.0456317	-0.321458	128
0.236883	-0.163527	103
0.230628	-0.164533	103
0.249792	-0.116073	104
0.133663	-0.231432	102
0.170804	-0.194808	100
0.210138	-0.170316	100
0.259584	-0.169879	103
0.0991028	-0.277083	107
0.296944	-0.125118	105
0.140921	-0.221089	102
0.0993001	-0.252675	107
0.208578	-0.188058	101
0.226684	-0.156548	106
0.107651	-0.205656	102
0.106779	-0.227999	107
0.191472	-0.214311	101
0.189905	-0.200907	100
0.148524	-0.225337	102
0.174342	-0.199177	100
0.0770592	-0.258253	128
0.101574	-0.262204	107
0.177938	-0.187471	100
0.105124	-0.253896	107
0.198878	-0.202464	101
0.0899133	-0.259294	107
0.208094	-0.19236	101
0.136381	-0.23339	102
0.365946	-0.0470212	105
0.224689	-0.097913	106
0.11001	-0.21426	107
0.276286	-0.0784932	105
0.197008	-0.186367	100
0.180331	-0.186481	100
0.106705	-0.242471	107
0.258087	-0.139586	104
0.0861025	-0.240241	107
0.213201	-0.169393	100
0.192118	-0.179895	100
0.234936	-0.181393	103
0.0650053	-0.245611	128
0.2493	-0.150459	104
0.15569	-0.203665	102
0.430392	-0.0105813	108
0.023507	-0.289938	128
0.15917	-0.206693	102
0.06288	-0.26841	128
0.190305	-0.173373	100
0.441296	0.0579121	110
0.397396	0.0594282	110
0.473237	0.0542673	112
0.470747	-0.00548738	113
0.43959	0.0263858	113
0.425177	0.0655949	110
0.385043	0.0226629	130
0.452568	0.0375134	113
0.435165	0.0413461	110
0.419734	0.0130896	111
0.490612	0.0596472	112
0.445023	0.0411201	112
0.423358	0.0759106	110
0.441019	0.0782961	109
0.42213	0.0248096	111
0.410025	0.100548	110
0.407017	-0.00695083	130
0.402969	0.0384966	130
0.417594	0.0487086	130
0.436288	0.034728	109
0.400194	0.0557543	111
0.377238	0.087142	109
0.423146	-0.00439289	111
0.430252	0.0112863	108
0.467942	0.0698221	112
0.451734	-0.0136105	113
0.401301	0.0785252	110
0.423687	0.0853809	109
0.438302	0.0765059	112
0.47942	0.0530292	113
0.385711	0.0350677	130
0.430834	0.104935	109
0.483494	0.0342907	113
0.44977	0.0308512	113
0.430266	0.090481	109
0.435061	0.0599779	110
0.45872	0.0224557	113
0.391617	0.0142522	130
0.439908	0.0440543	112
0.479544	0.07174	112
0.425424	0.0338207	111
0.375614	0.0271805	130
0.449614	0.0890733	109
0.439489	0.0341956	113
0.447793	0.110414	109
0.467118	0.112805	109
0.425336	0.0595068	110
0.470194	0.085288	112
0.43982	0.0393325	109
0.424468	0.0177044	111
0.430493	-0.0225977	108
0.43475	0.0140182	108
0.437561	0.0336112	109
0.440419	0.0413853	109
0.434812	0.0790143	109
0.434544	0.0783146	109
0.451716	0.0430887	113
0.475044	0.120126	112
0.488334	0.0389678	113
0.429019	0.0457899	111
0.490674	0.0460511	113
0.47978	0.0155483	113
0.450449	0.00445712	113
0.46303	0.0271461	113
0.451818	0.034214	113
0.464036	0.0869694	109
0.41936	0.0938088	109
0.436743	0.0364317	109
0.499128	0.0797876	112
0.447428	0.0813658	112
-0.346934	0.139078	128
-0.115625	-0.288578	113
0.496847	0.236279	128
0.138906	-0.301508	113
-0.29703	0.209807	128
0.0774483	-0.306686	128
0.150193	0.243959	66
0.18457	0.194555	68
0.170626	-0.218666	101
-0.108912	-0.419767	130
-0.491046	0.271197	25
-0.457174	0.0817086	114
0.385702	0.207634	128
-0.278822	-0.193857	129
0.165925	0.361369	114
0.3518	0.183756	128
-0.449048	-0.108508	128
-0.0161979	0.146114	56
-0.395756	-0.239833	128
-0.390278	0.303865	128
0.229691	0.0827253	26
-0.421125	-0.075628	35
-0.0591551	0.0743533	95
0.19328	0.0645131	115
0.301335	-0.235824	116
-0.230683	0.366521	16
0.16551	-0.307718	13
0.215958	0.255124	66
0.282041	0.174225	72
0.469505	-0.200603	117
-0.267675	-0.0266515	117
0.105691	0.107361	84
0.175148	-0.206023	101
-0.280092	0.0226806	39
0.264864	-0.111694	105
0.279342	0.316799	117
0.124584	-0.173877	99
0.0887411	0.0802745	79
0.00740296	-0.0844458	82
0.0706921	-0.0587428	118
-0.277216	0.221998	45
0.241749	0.0501259	119
-0.202036	0.250825	52
-0.119507	0.10319	53
0.371021	-0.325138	120
0.14948	-0.00457618	90
0.195967	-0.097325	106
0.0839849	0.13261	84
0.179357	-0.206396	101
0.50466	-0.0182069	113
0.230429	0.000926125	130
0.241217	0.047132	130
0.44567	0.355539	19
0.478527	-0.0816436	121
-0.485609	0.0915335	0
0.00220201	-0.00316097	80
-0.257118	-0.0528908	0
0.10168	-0.0170489	90
-0.0797271	0.137467	95
0.421885	0.313293	128
-0.204345	-0.412323	130
-0.333089	-0.205607	128
0.465862	0.297555	128
-0.13594	-0.286593	113
0.457623	0.0399341	113
-0.11128	0.262425	125
-0.225346	0.284519	45
-0.0831492	0.0439711	129
-0.219258	-0.316449	130
-0.17521	0.188341	48
-0.114258	0.0671773	18
0.355996	0.0301851	130
-0.316385	0.177214	128
0.171319	0.36701	24
0.0945959	-0.260119	107
0.252961	-0.32939	97
-0.295665	-0.17587	128
-0.187809	-0.336151	130
0.191182	0.33974	24
-0.0599946	0.199828	56
-0.0336319	0.177235	56
-0.194666	-0.0407887	128
0.222244	0.0245973	130
-0.411266	-0.0474329	35
0.431402	-0.20313	0
-0.308077	0.213661	0
0.195891	0.262074	67
-0.271802	-0.44917	130
-0.391833	0.0990999	123
-0.138755	-0.0998724	93
0.0279574	0.0791671	95
0.295146	-0.277403	97
-0.31019	-0.0151661	39
0.167814	-0.393134	23
0.127575	-0.158049	99
-0.0406541	-0.151578	87
0.151492	0.101745	124
0.378793	0.0811046	130
0.0196272	-0.118866	96
-0.00884816	-0.128218	96
0.327802	0.123007	73
0.0776953	0.408351	61
-0.120901	-0.104005	93
0.252433	-0.0697403	105
0.450412	0.110503	109
-0.165369	0.17839	52
0.495666	-0.0908379	0
0.323411	-0.0267794	105
0.208805	-0.00356453	130
-0.279827	0.338822	16
0.395453	0.0544651	130
0.0216367	-0.265534	128
-0.0266472	0.289735	58
0.331192	0.20853	128
-0.0949611	-0.245246	113
0.0326033	0.154926	84
-0.355765	0.0178726	30
0.0287866	0.19896	63
0.362476	-0.0822317	105
-0.262385	-0.188257	129
0.15863	0.0319223	90
0.174589	-0.0955917	126
-0.117571	0.298282	125
0.232409	-0.0530876	0
-0.422985	-0.0977987	128
-0.27067	0.00348594	39
0.1529	-0.119014	126
-0.0742025	-0.131483	84
-0.520646	0.293612	130
0.409064	-0.33911	0
0.349028	-0.337029	97
-0.392725	-0.436551	130
0.279676	0.176801	72
-0.20081	-0.271023	93
-0.100246	-0.130744	89
0.35325	0.0303632	130
0.0470496	-0.114217	96
-0.0945401	-0.342803	130
-0.445449	0.039257	127
0.117099	-0.0972539	98
-0.185544	0.342696	130
-0.0188389	-0.0261854	83
0.155214	0.0164408	90
-0.370008	-0.0455819	35
-0.484777	0.0430546	127
0.501936	-0.103708	0
0.229455	0.0452293	130
-0.292388	-0.363123	130
-0.309477	-0.443759	130
-0.25144	0.0136239	41
-0.154853	-0.00092228	129
0.22898	-0.173469	103
0.240442	0.415552	24
0.00769464	-0.0431792	82
-0.255605	0.226497	45
-0.132409	0.199981	52
-0.0320347	-0.0353013	83
-0.334845	0.351349	14
0.183667	-0.196062	100
-0.0965572	-0.00883999	128
0.277176	-0.0396104	130
-0.0124568	-0.268601	128
0.0503639	-0.0585315	81
-0.230022	0.0725033	129
0.0100959	0.0117768	75
0.395069	0.0571898	111
-0.326329	0.23468	0
-0.374157	-0.166451	128
0.21011	-0.0807267	106
-0.139578	0.0725752	129
0.195944	-0.0171612	6
0.382337	-0.119605	105
-0.370204	0.282946	25
-0.361672	0.282023	14
-0.365486	0.313097	25
0.500766	-0.258199	0
0.0903377	-0.211184	107
0.390132	0.240305	128
0.296453	-0.269521	97
0.0474969	0.267243	59
-0.201392	-0.0552905	128
-0.0445035	-0.131037	87
0.478168	-0.10846	0
-0.194085	-0.189592	129
-0.309893	-0.320939	130
-0.0685208	-0.337843	128
0.099927	-0.0963946	98
0.30132	0.435743	130
0.487818	0.0715147	112
0.364971	0.281373	128
-0.391157	0.254304	128
-0.413018	0.183998	128
0.486628	-0.250135	0
0.0727135	0.376112	61
0.13926	0.34737	61
0.363606	-0.353996	0
-0.259405	-0.345736	130
0.410282	0.0272014	111
-0.169112	0.0343967	128
0.0957324	0.0716229	79
0.0614754	0.137537	63
0.394076	-0.194548	0
-0.357425	-0.0468852	128
0.467851	-0.152185	0
-0.32694	-0.299913	130
0.294461	-0.106897	105
-0.361507	-0.326778	130
0.0863617	-0.287913	128
0.167048	-0.0565656	0
0.26314	0.365833	24
-0.214497	-0.149032	129
0.357691	0.0755374	110
0.0634012	-0.271899	128
0.21784	-0.134862	106
0.453088	-0.242153	0
0.411403	-0.167817	0
0.239754	-0.271301	96
0.443424	0.448987	19
0.327897	-0.249894	0
0.273269	-0.232057	101
0.295997	0.303278	24
0.17958	0.207324	68
-0.352207	-0.0658121	35
-0.463319	0.258765	25
-0.0708976	-0.106727	77
0.357718	0.448758	24
-0.452679	-0.0404191	35
0.315303	-0.197729	0
-0.42015	0.335105	25
-0.0774195	-0.401392	130
0.44448	-0.0907423	0
-0.318549	0.353564	16
0.459797	0.22282	128
-0.2655	-0.427829	130
-0.310102	-0.101504	128
0.164161	-0.124396	126
0.543171	-0.0458003	0
-0.14039	-0.0749451	93
0.127689	-0.247011	107
-0.189316	-0.0108879	128
0.0462882	-0.403274	130
0.434728	0.214851	128
0.356514	0.0300203	130
0.50835	-0.177995	0
-0.165296	0.0633569	129
-0.228626	0.0923694	43
0.0393508	0.0265291	75
0.372864	-0.358026	0
-0.38593	0.0512686	127
-0.354646	0.192349	128
-0.437859	-0.122878	128
0.161966	0.18626	68
0.406042	0.430662	24
0.231065	0.438089	130
-0.195523	0.204629	52
0.438614	0.465071	19
-0.294316	-0.24975	130
0.340743	0.285863	128
-0.454379	0.301554	25
0.448791	0.171885	128
0.159319	0.287283	67
-0.470756	-0.00574122	127
-0.241763	-0.210237	129
0.111496	-0.0281736	0
0.0720581	-0.313476	128
0.109788	0.0844629	79
-0.504458	0.298872	130
-0.193489	-0.216039	92
-0.0589184	0.242477	55
0.308601	0.035545	130
-0.162666	0.174526	48
-0.0719474	0.298628	125
-0.435934	-0.282595	128
0.261298	0.0840948	130
0.152206	-0.324924	23
-0.295387	-0.0819836	128
-0.290494	-0.461591	130
-0.100344	0.314662	125
0.0262464	-0.198385	96
-0.401652	0.211117	128
0.2663	-0.159493	104
-0.338268	-0.440836	130
-0.176844	-0.416622	130
-0.341729	0.19109	128
-0.176288	-0.191812	129
-0.288753	-0.282557	130
-0.111148	-0.354792	130
0.494369	0.0187298	113
-0.356095	0.063311	31
0.217776	0.280878	67
-0.337348	0.0175695	39
0.457418	0.179687	128
-0.334598	0.247582	14
0.403401	-0.166709	0
0.0133223	-0.107717	96
-0.0672534	-0.323733	128
-0.476886	0.0659197	127
0.370166	-0.319335	0
-0.0938021	-0.295325	113
-0.483754	0.188044	128
0.0688777	0.216612	59
0.0790279	0.2374	61
0.404784	-0.0432759	108
-0.341127	0.0693215	31
-0.154366	-0.291153	93
0.173866	0.0652293	6
0.43953	0.115499	109
0.0974455	0.248623	64
-0.465466	0.273293	128
-0.127902	-0.331206	130
-0.294692	0.138972	32
0.104296	-0.311191	105
-0.261599	-0.232871	92
-0.219579	0.0516581	129
0.134813	-0.119169	126
0.227662	0.248364	71
0.388556	-0.165561	0
0.226581	0.127167	26
0.495583	0.265113	128
-0.12799	0.2336	52
-0.0292972	0.277596	58
0.432546	0.333559	128
-0.120937	0.0274842	128
0.375571	-0.111043	105
0.249891	0.219495	71
-0.141708	-0.322042	130
-0.223821	-0.43496	130
-0.295387	0.270761	45
-0.374217	0.274726	25
0.467773	-0.225186	0
-0.382745	0.346662	25
0.0621875	-0.263238	128
-0.384829	-0.363201	130
0.109649	-0.151295	99
-0.486329	0.0820356	0
0.170847	-0.311398	13
-0.0706103	-0.170476	87
0.353984	-0.144052	105
0.290769	-0.115159	105
0.207176	-0.0409012	0
-0.125331	0.039766	129
-0.455462	0.322886	25
0.0879753	-0.16624	102
0.242935	0.0473463	130
-0.475116	0.0989891	0
-0.322545	-0.338479	130
-0.103343	-0.203981	94
0.157539	0.245205	66
-0.116655	0.0122572	128
-0.471518	0.223863	128
-0.258435	-0.378042	130
-0.123668	0.362143	125
-0.419799	0.310633	25
0.568643	-0.282052	0
-0.456983	0.00895042	127
-0.253709	-0.181484	129
0.488523	-0.179094	0
-0.388283	-0.012593	35
0.413336	-0.337183	0
0.0845203	0.393237	61
-0.0229739	0.368062	54
0.105024	0.0299005	90
0.0490123	0.0583389	79
0.465235	0.0277085	113
-0.497492	0.131593	128
0.199731	0.0546779	6
-0.349774	-0.25666	130
-0.354013	-0.111164	128
0.519501	-0.0593852	0
0.0980229	0.0212396	90
0.475538	0.270637	128
-0.0654325	-0.191221	94
0.40165	-0.143154	0
-0.348217	0.234113	128
-0.213424	0.0861664	47
-0.152848	-0.304322	130
0.0023884	-0.0566333	82
0.324695	-0.32605	97
-0.22486	0.170058	42
-0.267239	-0.402922	130
-0.145587	0.274847	125
-0.211138	0.0820083	129
0.402408	-0.322675	0
0.337225	0.24164	128
-0.344061	-0.1403	128
0.348618	-0.100954	105
0.0458248	-0.024858	81
0.161208	-0.057499	0
0.200412	0.414368	24
-0.158388	0.217866	52
0.522206	-0.0305716	0
-0.381543	0.266738	25
0.464741	-0.0296064	108
0.431981	0.219813	128
0.166509	0.0251732	90
-0.114731	0.365547	125
-0.00659703	-0.0484487	82
-0.117834	-0.423344	130
0.146492	0.164525	62
0.130239	0.0354153	90
0.130239	0.0354153	0
